# offset: 18901.9 
1 1 11.100000000000001
2 2 143.0
3 3 41.25
4 4 66.0
5 5 -385.0
6 6 82.5
7 7 71.5
8 8 27.5
9 9 16.5
10 10 132.0
11 11 82.5
12 12 15.125
13 13 27.5
14 14 0
15 15 16.65
16 16 -49.5
17 17 66.0
18 18 0
19 19 55.0
20 20 96.25
21 21 35.8
22 22 27.5
23 23 41.25
24 24 33.0
25 25 55.0
26 26 41.25
27 27 27.5
28 28 123.9
29 29 13.75
30 30 33.0
31 31 5.550000000000001
32 32 -88.0
33 33 55.0
34 34 13.75
35 35 -924.0
36 36 41.25
37 37 -500.5
38 38 33.0
39 39 35.75
40 40 55.0
41 41 286.0
42 42 27.5
43 43 16.5
44 44 82.5
45 45 16.5
46 46 -423.5
47 47 -462.0
48 48 13.75
49 49 55.0
50 50 60.5
51 51 57.75
52 52 13.75
53 53 143.0
54 54 220.0
55 55 110.0
56 56 38.5
57 57 -198.0
58 58 0
59 59 13.75
60 60 -148.5
61 61 49.5
62 62 60.5
63 63 41.25
64 64 33.0
65 65 -82.5
66 66 41.25
67 67 27.5
68 68 -66.0
69 69 49.5
70 70 55.0
71 71 30.25
72 72 57.75
73 73 41.25
74 74 13.75
75 75 -49.5
76 76 17.875
77 77 143.2
78 78 27.5
79 79 55.0
80 80 13.75
81 81 16.5
82 82 55.0
83 83 -462.0
84 84 -176.0
85 85 41.25
86 86 27.5
87 87 132.0
88 88 22.200000000000003
89 89 88.0
90 90 41.25
91 91 27.5
92 92 286.0
93 93 -123.75
94 94 90.75
95 95 77.0
96 96 71.6
97 97 27.5
98 98 13.75
99 99 60.5
100 100 242.0
101 101 13.75
102 102 38.5
103 103 27.5
104 104 15.125
105 105 16.5
106 106 -33.0
107 107 -423.5
108 108 -165.0
109 109 90.75
110 110 0
111 111 66.0
112 112 71.5
113 113 71.5
114 114 -423.5
115 115 41.25
116 116 44.0
117 117 17.875
118 118 -148.5
119 119 -55.0
120 120 41.25
121 121 82.6
122 122 27.5
123 123 0
124 124 55.0
125 125 -8.25
126 126 -38.5
127 127 27.5
128 128 41.25
129 129 165.2
130 130 66.0
131 131 55.0
132 132 55.0
133 133 66.0
134 134 13.75
135 135 71.5
136 136 17.875
137 137 -500.5
138 138 121.0
139 139 -13.75
140 140 308.0
141 141 27.5
142 142 -16.5
143 143 33.0
144 144 132.0
145 145 71.6
146 146 -57.75
147 147 107.4
148 148 60.5
149 149 242.0
150 150 -539.0
151 151 308.0
152 152 -49.5
153 153 132.0
154 154 15.125
155 155 27.5
156 156 82.5
157 157 55.0
158 158 264.0
159 159 33.0
160 160 13.75
161 161 132.0
162 162 13.75
163 163 55.0
164 164 71.5
165 165 220.0
166 166 143.2
167 167 107.4
168 168 27.5
169 169 -423.5
170 170 55.0
171 171 71.5
172 172 -5.5
173 173 27.5
174 174 82.5
175 175 264.0
176 176 13.75
177 177 41.25
178 178 41.25
179 179 55.0
180 180 -19.25
181 181 55.0
182 182 30.25
183 183 13.75
184 184 286.0
185 185 -77.0
186 186 90.75
187 187 33.0
188 188 0
189 189 13.75
190 190 -198.0
191 191 30.25
192 192 66.0
193 193 110.0
194 194 66.0
195 195 55.0
196 196 35.75
197 197 143.0
198 198 -41.25
199 199 -41.25
200 200 55.0
201 201 -539.0
202 202 35.8
203 203 -2.75
204 204 27.5
205 205 41.25
206 206 82.5
207 207 71.5
208 208 55.0
209 209 27.5
210 210 264.0
211 211 77.0
212 212 96.25
213 213 19.25
214 214 286.0
215 215 27.5
216 216 -924.0
217 217 13.75
218 218 13.75
219 219 -27.5
220 220 0
221 221 41.25
222 222 41.25
223 223 -99.0
224 224 0
225 225 154.0
226 226 55.0
227 227 132.0
228 228 15.125
229 229 13.75
230 230 17.875
231 231 71.5
232 232 16.5
233 233 -11.0
234 234 19.25
235 235 30.25
236 236 41.3
237 237 121.0
238 238 35.75
239 239 66.0
240 240 35.75
241 241 176.0
242 242 242.0
243 243 154.0
244 244 -132.0
245 245 33.0
246 246 -99.0
247 247 27.5
248 248 41.25
249 249 13.75
250 250 264.0
251 251 16.5
252 252 143.0
253 253 242.0
254 254 -500.5
255 255 41.25
256 256 264.0
257 257 55.0
258 258 264.0
259 259 -44.0
260 260 -385.0
261 261 -500.5
262 262 121.0
263 263 132.0
264 264 90.75
265 265 13.75
266 266 16.5
267 267 13.75
268 268 121.0
52 127 2.75
52 163 5.5
52 221 4.125
52 58 1.375
52 188 2.75
52 110 5.5
52 14 4.125
52 142 -1.375
52 106 -2.75
52 68 -5.5
52 16 -4.125
127 163 11.0
127 221 8.25
127 58 2.75
127 188 5.5
127 110 11.0
127 14 8.25
127 142 -2.75
127 106 -5.5
127 68 -11.0
127 16 -8.25
163 221 16.5
163 58 5.5
163 188 11.0
163 110 22.0
163 14 16.5
163 142 -5.5
163 106 -11.0
163 68 -22.0
163 16 -16.5
221 58 4.125
221 188 8.25
221 110 16.5
221 14 12.375
221 142 -4.125
221 106 -8.25
221 68 -16.5
221 16 -12.375
98 78 2.75
98 195 5.5
98 23 4.125
98 43 1.375
98 24 2.75
98 133 5.5
98 61 4.125
98 75 -1.375
98 246 -2.75
98 190 -5.5
98 118 -4.125
78 195 11.0
78 23 8.25
78 43 2.75
78 24 5.5
78 133 11.0
78 61 8.25
78 75 -2.75
78 246 -5.5
78 190 -11.0
78 118 -8.25
195 23 16.5
195 43 5.5
195 24 11.0
195 133 22.0
195 61 16.5
195 75 -5.5
195 246 -11.0
195 190 -22.0
195 118 -16.5
23 43 4.125
23 24 8.25
23 133 16.5
23 61 12.375
23 75 -4.125
23 246 -8.25
23 190 -16.5
23 118 -12.375
217 86 2.75
217 19 5.5
217 222 4.125
217 45 1.375
217 159 2.75
217 192 5.5
217 69 4.125
217 152 -1.375
217 223 -2.75
217 57 -5.5
217 60 -4.125
86 19 11.0
86 222 8.25
86 45 2.75
86 159 5.5
86 192 11.0
86 69 8.25
86 152 -2.75
86 223 -5.5
86 57 -11.0
86 60 -8.25
19 222 16.5
19 45 5.5
19 159 11.0
19 192 22.0
19 69 16.5
19 152 -5.5
19 223 -11.0
19 57 -22.0
19 60 -16.5
222 45 4.125
222 159 8.25
222 192 16.5
222 69 12.375
222 152 -4.125
222 223 -8.25
222 57 -16.5
222 60 -12.375
183 122 2.75
183 70 5.5
183 90 4.125
183 224 1.375
183 220 2.75
183 18 5.5
183 123 4.125
183 180 -1.375
183 126 -2.75
183 185 -5.5
183 146 -4.125
122 70 11.0
122 90 8.25
122 224 2.75
122 220 5.5
122 18 11.0
122 123 8.25
122 180 -2.75
122 126 -5.5
122 185 -11.0
122 146 -8.25
70 90 16.5
70 224 5.5
70 220 11.0
70 18 22.0
70 123 16.5
70 180 -5.5
70 126 -11.0
70 185 -22.0
70 146 -16.5
90 224 4.125
90 220 8.25
90 18 16.5
90 123 12.375
90 180 -4.125
90 126 -8.25
90 185 -16.5
90 146 -12.375
218 91 2.75
218 170 5.5
218 205 4.125
218 265 1.375
218 173 2.75
218 124 5.5
218 66 4.125
218 259 -1.375
218 32 -2.75
218 84 -5.5
218 244 -4.125
91 170 11.0
91 205 8.25
91 265 2.75
91 173 5.5
91 124 11.0
91 66 8.25
91 259 -2.75
91 32 -5.5
91 84 -11.0
91 244 -8.25
170 205 16.5
170 265 5.5
170 173 11.0
170 124 22.0
170 66 16.5
170 259 -5.5
170 32 -11.0
170 84 -22.0
170 244 -16.5
205 265 4.125
205 173 8.25
205 124 16.5
205 66 12.375
205 259 -4.125
205 32 -8.25
205 84 -16.5
205 244 -12.375
34 209 2.75
34 131 5.5
34 255 4.125
34 116 1.375
34 89 2.75
34 241 5.5
34 153 4.125
34 139 -1.375
34 219 -2.75
34 119 -5.5
34 198 -4.125
209 131 11.0
209 255 8.25
209 116 2.75
209 89 5.5
209 241 11.0
209 153 8.25
209 139 -2.75
209 219 -5.5
209 119 -11.0
209 198 -8.25
131 255 16.5
131 116 5.5
131 89 11.0
131 241 22.0
131 153 16.5
131 139 -5.5
131 219 -11.0
131 119 -22.0
131 198 -16.5
255 116 4.125
255 89 8.25
255 241 16.5
255 153 12.375
255 139 -4.125
255 219 -8.25
255 119 -16.5
255 198 -12.375
266 245 2.75
266 17 5.5
266 161 11.0
266 210 22.0
266 206 6.875
266 43 1.375
266 24 2.75
266 133 5.5
266 61 4.125
266 45 -1.375
266 159 -2.75
266 192 -5.5
266 69 -4.125
266 216 -38.5
245 17 11.0
245 161 22.0
245 210 44.0
245 206 13.75
245 43 2.75
245 24 5.5
245 133 11.0
245 61 8.25
245 45 -2.75
245 159 -5.5
245 192 -11.0
245 69 -8.25
245 216 -77.0
17 161 44.0
17 210 88.0
17 206 27.5
17 43 5.5
17 24 11.0
17 133 22.0
17 61 16.5
17 45 -5.5
17 159 -11.0
17 192 -22.0
17 69 -16.5
17 216 -154.0
161 210 176.0
161 206 55.0
161 43 11.0
161 24 22.0
161 133 44.0
161 61 33.0
161 45 -11.0
161 159 -22.0
161 192 -44.0
161 69 -33.0
161 216 -308.0
210 206 110.0
210 43 22.0
210 24 44.0
210 133 88.0
210 61 66.0
210 45 -22.0
210 159 -44.0
210 192 -88.0
210 69 -66.0
210 216 -616.0
206 43 6.875
206 24 13.75
206 133 27.5
206 61 20.625
206 45 -6.875
206 159 -13.75
206 192 -27.5
206 69 -20.625
206 216 -192.5
9 38 2.75
9 4 5.5
9 87 11.0
9 175 22.0
9 44 6.875
9 43 -1.375
9 24 -2.75
9 133 -5.5
9 61 -4.125
9 45 1.375
9 159 2.75
9 192 5.5
9 69 4.125
9 35 -38.5
38 4 11.0
38 87 22.0
38 175 44.0
38 44 13.75
38 43 -2.75
38 24 -5.5
38 133 -11.0
38 61 -8.25
38 45 2.75
38 159 5.5
38 192 11.0
38 69 8.25
38 35 -77.0
4 87 44.0
4 175 88.0
4 44 27.5
4 43 -5.5
4 24 -11.0
4 133 -22.0
4 61 -16.5
4 45 5.5
4 159 11.0
4 192 22.0
4 69 16.5
4 35 -154.0
87 175 176.0
87 44 55.0
87 43 -11.0
87 24 -22.0
87 133 -44.0
87 61 -33.0
87 45 11.0
87 159 22.0
87 192 44.0
87 69 33.0
87 35 -308.0
175 44 110.0
175 43 -22.0
175 24 -44.0
175 133 -88.0
175 61 -66.0
175 45 22.0
175 159 44.0
175 192 88.0
175 69 66.0
175 35 -616.0
44 43 -6.875
44 24 -13.75
44 133 -27.5
44 61 -20.625
44 45 6.875
44 159 13.75
44 192 27.5
44 69 20.625
44 35 -192.5
232 64 2.75
232 111 5.5
232 263 11.0
232 250 22.0
232 174 6.875
232 43 1.375
232 24 2.75
232 133 5.5
232 61 4.125
232 216 -38.5
232 203 -1.375
232 172 -2.75
232 233 -5.5
232 125 -4.125
64 111 11.0
64 263 22.0
64 250 44.0
64 174 13.75
64 43 2.75
64 24 5.5
64 133 11.0
64 61 8.25
64 216 -77.0
64 203 -2.75
64 172 -5.5
64 233 -11.0
64 125 -8.25
111 263 44.0
111 250 88.0
111 174 27.5
111 43 5.5
111 24 11.0
111 133 22.0
111 61 16.5
111 216 -154.0
111 203 -5.5
111 172 -11.0
111 233 -22.0
111 125 -16.5
263 250 176.0
263 174 55.0
263 43 11.0
263 24 22.0
263 133 44.0
263 61 33.0
263 216 -308.0
263 203 -11.0
263 172 -22.0
263 233 -44.0
263 125 -33.0
250 174 110.0
250 43 22.0
250 24 44.0
250 133 88.0
250 61 66.0
250 216 -616.0
250 203 -22.0
250 172 -44.0
250 233 -88.0
250 125 -66.0
174 43 6.875
174 24 13.75
174 133 27.5
174 61 20.625
174 216 -192.5
174 203 -6.875
174 172 -13.75
174 233 -27.5
174 125 -20.625
105 143 2.75
105 130 5.5
105 10 11.0
105 258 22.0
105 6 6.875
105 45 1.375
105 159 2.75
105 192 5.5
105 69 4.125
105 142 -1.375
105 106 -2.75
105 68 -5.5
105 16 -4.125
105 35 -38.5
143 130 11.0
143 10 22.0
143 258 44.0
143 6 13.75
143 45 2.75
143 159 5.5
143 192 11.0
143 69 8.25
143 142 -2.75
143 106 -5.5
143 68 -11.0
143 16 -8.25
143 35 -77.0
130 10 44.0
130 258 88.0
130 6 27.5
130 45 5.5
130 159 11.0
130 192 22.0
130 69 16.5
130 142 -5.5
130 106 -11.0
130 68 -22.0
130 16 -16.5
130 35 -154.0
10 258 176.0
10 6 55.0
10 45 11.0
10 159 22.0
10 192 44.0
10 69 33.0
10 142 -11.0
10 106 -22.0
10 68 -44.0
10 16 -33.0
10 35 -308.0
258 6 110.0
258 45 22.0
258 159 44.0
258 192 88.0
258 69 66.0
258 142 -22.0
258 106 -44.0
258 68 -88.0
258 16 -66.0
258 35 -616.0
6 45 6.875
6 159 13.75
6 192 27.5
6 69 20.625
6 142 -6.875
6 106 -13.75
6 68 -27.5
6 16 -20.625
6 35 -192.5
81 30 2.75
81 194 5.5
81 227 11.0
81 158 22.0
81 11 6.875
81 21 1.375
81 145 2.75
81 77 5.5
81 167 4.125
81 47 -38.5
81 152 -1.375
81 223 -2.75
81 57 -5.5
81 60 -4.125
30 194 11.0
30 227 22.0
30 158 44.0
30 11 13.75
30 21 2.75
30 145 5.5
30 77 11.0
30 167 8.25
30 47 -77.0
30 152 -2.75
30 223 -5.5
30 57 -11.0
30 60 -8.25
194 227 44.0
194 158 88.0
194 11 27.5
194 21 5.5
194 145 11.0
194 77 22.0
194 167 16.5
194 47 -154.0
194 152 -5.5
194 223 -11.0
194 57 -22.0
194 60 -16.5
227 158 176.0
227 11 55.0
227 21 11.0
227 145 22.0
227 77 44.0
227 167 33.0
227 47 -308.0
227 152 -11.0
227 223 -22.0
227 57 -44.0
227 60 -33.0
158 11 110.0
158 21 22.0
158 145 44.0
158 77 88.0
158 167 66.0
158 47 -616.0
158 152 -22.0
158 223 -44.0
158 57 -88.0
158 60 -66.0
11 21 6.875
11 145 13.75
11 77 27.5
11 167 20.625
11 47 -192.5
11 152 -6.875
11 223 -13.75
11 57 -27.5
11 60 -20.625
104 182 2.75
104 62 5.5
104 237 11.0
104 100 22.0
104 186 8.25
104 21 1.375
104 145 2.75
104 77 5.5
104 167 4.125
104 107 -38.5
104 259 -1.375
104 32 -2.75
104 84 -5.5
104 244 -4.125
182 62 11.0
182 237 22.0
182 100 44.0
182 186 16.5
182 21 2.75
182 145 5.5
182 77 11.0
182 167 8.25
182 107 -77.0
182 259 -2.75
182 32 -5.5
182 84 -11.0
182 244 -8.25
62 237 44.0
62 100 88.0
62 186 33.0
62 21 5.5
62 145 11.0
62 77 22.0
62 167 16.5
62 107 -154.0
62 259 -5.5
62 32 -11.0
62 84 -22.0
62 244 -16.5
237 100 176.0
237 186 66.0
237 21 11.0
237 145 22.0
237 77 44.0
237 167 33.0
237 107 -308.0
237 259 -11.0
237 32 -22.0
237 84 -44.0
237 244 -33.0
100 186 132.0
100 21 22.0
100 145 44.0
100 77 88.0
100 167 66.0
100 107 -616.0
100 259 -22.0
100 32 -44.0
100 84 -88.0
100 244 -66.0
186 21 8.25
186 145 16.5
186 77 33.0
186 167 24.75
186 107 -231.0
186 259 -8.25
186 32 -16.5
186 84 -33.0
186 244 -24.75
230 240 2.75
230 135 5.5
230 197 11.0
230 92 22.0
230 164 5.5
230 21 1.375
230 145 2.75
230 77 5.5
230 167 4.125
230 37 -38.5
230 199 -1.375
230 65 -2.75
230 108 -5.5
230 93 -4.125
240 135 11.0
240 197 22.0
240 92 44.0
240 164 11.0
240 21 2.75
240 145 5.5
240 77 11.0
240 167 8.25
240 37 -77.0
240 199 -2.75
240 65 -5.5
240 108 -11.0
240 93 -8.25
135 197 44.0
135 92 88.0
135 164 22.0
135 21 5.5
135 145 11.0
135 77 22.0
135 167 16.5
135 37 -154.0
135 199 -5.5
135 65 -11.0
135 108 -22.0
135 93 -16.5
197 92 176.0
197 164 44.0
197 21 11.0
197 145 22.0
197 77 44.0
197 167 33.0
197 37 -308.0
197 199 -11.0
197 65 -22.0
197 108 -44.0
197 93 -33.0
92 164 88.0
92 21 22.0
92 145 44.0
92 77 88.0
92 167 66.0
92 37 -616.0
92 199 -22.0
92 65 -44.0
92 108 -88.0
92 93 -66.0
164 21 5.5
164 145 11.0
164 77 22.0
164 167 16.5
164 37 -154.0
164 199 -5.5
164 65 -11.0
164 108 -22.0
164 93 -16.5
251 187 2.75
251 239 5.5
251 144 11.0
251 256 22.0
251 156 6.875
251 202 1.375
251 96 2.75
251 166 5.5
251 147 4.125
251 83 -38.5
251 75 -1.375
251 246 -2.75
251 190 -5.5
251 118 -4.125
187 239 11.0
187 144 22.0
187 256 44.0
187 156 13.75
187 202 2.75
187 96 5.5
187 166 11.0
187 147 8.25
187 83 -77.0
187 75 -2.75
187 246 -5.5
187 190 -11.0
187 118 -8.25
239 144 44.0
239 256 88.0
239 156 27.5
239 202 5.5
239 96 11.0
239 166 22.0
239 147 16.5
239 83 -154.0
239 75 -5.5
239 246 -11.0
239 190 -22.0
239 118 -16.5
144 256 176.0
144 156 55.0
144 202 11.0
144 96 22.0
144 166 44.0
144 147 33.0
144 83 -308.0
144 75 -11.0
144 246 -22.0
144 190 -44.0
144 118 -33.0
256 156 110.0
256 202 22.0
256 96 44.0
256 166 88.0
256 147 66.0
256 83 -616.0
256 75 -22.0
256 246 -44.0
256 190 -88.0
256 118 -66.0
156 202 6.875
156 96 13.75
156 166 27.5
156 147 20.625
156 83 -192.5
156 75 -6.875
156 246 -13.75
156 190 -27.5
156 118 -20.625
154 191 2.75
154 99 5.5
154 138 11.0
154 149 22.0
154 94 8.25
154 202 1.375
154 96 2.75
154 166 5.5
154 147 4.125
154 169 -38.5
154 259 -1.375
154 32 -2.75
154 84 -5.5
154 244 -4.125
191 99 11.0
191 138 22.0
191 149 44.0
191 94 16.5
191 202 2.75
191 96 5.5
191 166 11.0
191 147 8.25
191 169 -77.0
191 259 -2.75
191 32 -5.5
191 84 -11.0
191 244 -8.25
99 138 44.0
99 149 88.0
99 94 33.0
99 202 5.5
99 96 11.0
99 166 22.0
99 147 16.5
99 169 -154.0
99 259 -5.5
99 32 -11.0
99 84 -22.0
99 244 -16.5
138 149 176.0
138 94 66.0
138 202 11.0
138 96 22.0
138 166 44.0
138 147 33.0
138 169 -308.0
138 259 -11.0
138 32 -22.0
138 84 -44.0
138 244 -33.0
149 94 132.0
149 202 22.0
149 96 44.0
149 166 88.0
149 147 66.0
149 169 -616.0
149 259 -22.0
149 32 -44.0
149 84 -88.0
149 244 -66.0
94 202 8.25
94 96 16.5
94 166 33.0
94 147 24.75
94 169 -231.0
94 259 -8.25
94 32 -16.5
94 84 -33.0
94 244 -24.75
117 39 2.75
117 112 5.5
117 53 11.0
117 41 22.0
117 7 5.5
117 202 1.375
117 96 2.75
117 166 5.5
117 147 4.125
117 261 -38.5
117 199 -1.375
117 65 -2.75
117 108 -5.5
117 93 -4.125
39 112 11.0
39 53 22.0
39 41 44.0
39 7 11.0
39 202 2.75
39 96 5.5
39 166 11.0
39 147 8.25
39 261 -77.0
39 199 -2.75
39 65 -5.5
39 108 -11.0
39 93 -8.25
112 53 44.0
112 41 88.0
112 7 22.0
112 202 5.5
112 96 11.0
112 166 22.0
112 147 16.5
112 261 -154.0
112 199 -5.5
112 65 -11.0
112 108 -22.0
112 93 -16.5
53 41 176.0
53 7 44.0
53 202 11.0
53 96 22.0
53 166 44.0
53 147 33.0
53 261 -308.0
53 199 -11.0
53 65 -22.0
53 108 -44.0
53 93 -33.0
41 7 88.0
41 202 22.0
41 96 44.0
41 166 88.0
41 147 66.0
41 261 -616.0
41 199 -22.0
41 65 -44.0
41 108 -88.0
41 93 -66.0
7 202 5.5
7 96 11.0
7 166 22.0
7 147 16.5
7 261 -154.0
7 199 -5.5
7 65 -11.0
7 108 -22.0
7 93 -16.5
76 196 2.75
76 171 5.5
76 252 11.0
76 214 22.0
76 207 5.5
76 236 1.375
76 121 2.75
76 129 5.5
76 28 4.125
76 254 -38.5
76 75 -1.375
76 246 -2.75
76 190 -5.5
76 118 -4.125
196 171 11.0
196 252 22.0
196 214 44.0
196 207 11.0
196 236 2.75
196 121 5.5
196 129 11.0
196 28 8.25
196 254 -77.0
196 75 -2.75
196 246 -5.5
196 190 -11.0
196 118 -8.25
171 252 44.0
171 214 88.0
171 207 22.0
171 236 5.5
171 121 11.0
171 129 22.0
171 28 16.5
171 254 -154.0
171 75 -5.5
171 246 -11.0
171 190 -22.0
171 118 -16.5
252 214 176.0
252 207 44.0
252 236 11.0
252 121 22.0
252 129 44.0
252 28 33.0
252 254 -308.0
252 75 -11.0
252 246 -22.0
252 190 -44.0
252 118 -33.0
214 207 88.0
214 236 22.0
214 121 44.0
214 129 88.0
214 28 66.0
214 254 -616.0
214 75 -22.0
214 246 -44.0
214 190 -88.0
214 118 -66.0
207 236 5.5
207 121 11.0
207 129 22.0
207 28 16.5
207 254 -154.0
207 75 -5.5
207 246 -11.0
207 190 -22.0
207 118 -16.5
136 238 2.75
136 113 5.5
136 2 11.0
136 184 22.0
136 231 5.5
136 236 1.375
136 121 2.75
136 129 5.5
136 28 4.125
136 137 -38.5
136 152 -1.375
136 223 -2.75
136 57 -5.5
136 60 -4.125
238 113 11.0
238 2 22.0
238 184 44.0
238 231 11.0
238 236 2.75
238 121 5.5
238 129 11.0
238 28 8.25
238 137 -77.0
238 152 -2.75
238 223 -5.5
238 57 -11.0
238 60 -8.25
113 2 44.0
113 184 88.0
113 231 22.0
113 236 5.5
113 121 11.0
113 129 22.0
113 28 16.5
113 137 -154.0
113 152 -5.5
113 223 -11.0
113 57 -22.0
113 60 -16.5
2 184 176.0
2 231 44.0
2 236 11.0
2 121 22.0
2 129 44.0
2 28 33.0
2 137 -308.0
2 152 -11.0
2 223 -22.0
2 57 -44.0
2 60 -33.0
184 231 88.0
184 236 22.0
184 121 44.0
184 129 88.0
184 28 66.0
184 137 -616.0
184 152 -22.0
184 223 -44.0
184 57 -88.0
184 60 -66.0
231 236 5.5
231 121 11.0
231 129 22.0
231 28 16.5
231 137 -154.0
231 152 -5.5
231 223 -11.0
231 57 -22.0
231 60 -16.5
234 102 2.75
234 211 5.5
234 225 11.0
234 151 22.0
234 51 4.125
234 236 1.375
234 121 2.75
234 129 5.5
234 28 4.125
234 201 -38.5
234 199 -1.375
234 65 -2.75
234 108 -5.5
234 93 -4.125
102 211 11.0
102 225 22.0
102 151 44.0
102 51 8.25
102 236 2.75
102 121 5.5
102 129 11.0
102 28 8.25
102 201 -77.0
102 199 -2.75
102 65 -5.5
102 108 -11.0
102 93 -8.25
211 225 44.0
211 151 88.0
211 51 16.5
211 236 5.5
211 121 11.0
211 129 22.0
211 28 16.5
211 201 -154.0
211 199 -5.5
211 65 -11.0
211 108 -22.0
211 93 -16.5
225 151 176.0
225 51 33.0
225 236 11.0
225 121 22.0
225 129 44.0
225 28 33.0
225 201 -308.0
225 199 -11.0
225 65 -22.0
225 108 -44.0
225 93 -33.0
151 51 66.0
151 236 22.0
151 121 44.0
151 129 88.0
151 28 66.0
151 201 -616.0
151 199 -22.0
151 65 -44.0
151 108 -88.0
151 93 -66.0
51 236 4.125
51 121 8.25
51 129 16.5
51 28 12.375
51 201 -115.5
51 199 -4.125
51 65 -8.25
51 108 -16.5
51 93 -12.375
228 235 2.75
228 50 5.5
228 262 11.0
228 253 22.0
228 264 8.25
228 116 1.375
228 89 2.75
228 241 5.5
228 153 4.125
228 114 -38.5
228 75 -1.375
228 246 -2.75
228 190 -5.5
228 118 -4.125
235 50 11.0
235 262 22.0
235 253 44.0
235 264 16.5
235 116 2.75
235 89 5.5
235 241 11.0
235 153 8.25
235 114 -77.0
235 75 -2.75
235 246 -5.5
235 190 -11.0
235 118 -8.25
50 262 44.0
50 253 88.0
50 264 33.0
50 116 5.5
50 89 11.0
50 241 22.0
50 153 16.5
50 114 -154.0
50 75 -5.5
50 246 -11.0
50 190 -22.0
50 118 -16.5
262 253 176.0
262 264 66.0
262 116 11.0
262 89 22.0
262 241 44.0
262 153 33.0
262 114 -308.0
262 75 -11.0
262 246 -22.0
262 190 -44.0
262 118 -33.0
253 264 132.0
253 116 22.0
253 89 44.0
253 241 88.0
253 153 66.0
253 114 -616.0
253 75 -22.0
253 246 -44.0
253 190 -88.0
253 118 -66.0
264 116 8.25
264 89 16.5
264 241 33.0
264 153 24.75
264 114 -231.0
264 75 -8.25
264 246 -16.5
264 190 -33.0
264 118 -24.75
12 71 2.75
12 148 5.5
12 268 11.0
12 242 22.0
12 109 8.25
12 116 1.375
12 89 2.75
12 241 5.5
12 153 4.125
12 46 -38.5
12 152 -1.375
12 223 -2.75
12 57 -5.5
12 60 -4.125
71 148 11.0
71 268 22.0
71 242 44.0
71 109 16.5
71 116 2.75
71 89 5.5
71 241 11.0
71 153 8.25
71 46 -77.0
71 152 -2.75
71 223 -5.5
71 57 -11.0
71 60 -8.25
148 268 44.0
148 242 88.0
148 109 33.0
148 116 5.5
148 89 11.0
148 241 22.0
148 153 16.5
148 46 -154.0
148 152 -5.5
148 223 -11.0
148 57 -22.0
148 60 -16.5
268 242 176.0
268 109 66.0
268 116 11.0
268 89 22.0
268 241 44.0
268 153 33.0
268 46 -308.0
268 152 -11.0
268 223 -22.0
268 57 -44.0
268 60 -33.0
242 109 132.0
242 116 22.0
242 89 44.0
242 241 88.0
242 153 66.0
242 46 -616.0
242 152 -22.0
242 223 -44.0
242 57 -88.0
242 60 -66.0
109 116 8.25
109 89 16.5
109 241 33.0
109 153 24.75
109 46 -231.0
109 152 -8.25
109 223 -16.5
109 57 -33.0
109 60 -24.75
80 103 2.75
80 157 5.5
80 193 11.0
80 165 22.0
80 212 9.625
80 116 1.375
80 89 2.75
80 241 5.5
80 153 4.125
80 260 -38.5
80 259 -1.375
80 32 -2.75
80 84 -5.5
80 244 -4.125
103 157 11.0
103 193 22.0
103 165 44.0
103 212 19.25
103 116 2.75
103 89 5.5
103 241 11.0
103 153 8.25
103 260 -77.0
103 259 -2.75
103 32 -5.5
103 84 -11.0
103 244 -8.25
157 193 44.0
157 165 88.0
157 212 38.5
157 116 5.5
157 89 11.0
157 241 22.0
157 153 16.5
157 260 -154.0
157 259 -5.5
157 32 -11.0
157 84 -22.0
157 244 -16.5
193 165 176.0
193 212 77.0
193 116 11.0
193 89 22.0
193 241 44.0
193 153 33.0
193 260 -308.0
193 259 -11.0
193 32 -22.0
193 84 -44.0
193 244 -33.0
165 212 154.0
165 116 22.0
165 89 44.0
165 241 88.0
165 153 66.0
165 260 -616.0
165 259 -22.0
165 32 -44.0
165 84 -88.0
165 244 -66.0
212 116 9.625
212 89 19.25
212 241 38.5
212 153 28.875
212 260 -269.5
212 259 -9.625
212 32 -19.25
212 84 -38.5
212 244 -28.875
189 67 2.75
189 257 5.5
189 55 11.0
189 54 22.0
189 20 9.625
189 265 1.375
189 173 2.75
189 124 5.5
189 66 4.125
189 5 -38.5
189 139 -1.375
189 219 -2.75
189 119 -5.5
189 198 -4.125
67 257 11.0
67 55 22.0
67 54 44.0
67 20 19.25
67 265 2.75
67 173 5.5
67 124 11.0
67 66 8.25
67 5 -77.0
67 139 -2.75
67 219 -5.5
67 119 -11.0
67 198 -8.25
257 55 44.0
257 54 88.0
257 20 38.5
257 265 5.5
257 173 11.0
257 124 22.0
257 66 16.5
257 5 -154.0
257 139 -5.5
257 219 -11.0
257 119 -22.0
257 198 -16.5
55 54 176.0
55 20 77.0
55 265 11.0
55 173 22.0
55 124 44.0
55 66 33.0
55 5 -308.0
55 139 -11.0
55 219 -22.0
55 119 -44.0
55 198 -33.0
54 20 154.0
54 265 22.0
54 173 44.0
54 124 88.0
54 66 66.0
54 5 -616.0
54 139 -22.0
54 219 -44.0
54 119 -88.0
54 198 -66.0
20 265 9.625
20 173 19.25
20 124 38.5
20 66 28.875
20 5 -269.5
20 139 -9.625
20 219 -19.25
20 119 -38.5
20 198 -28.875
213 56 2.75
213 95 5.5
213 243 11.0
213 140 22.0
213 72 4.125
213 31 1.375
213 1 2.75
213 88 5.5
213 15 4.125
213 150 -38.5
213 180 -1.375
213 126 -2.75
213 185 -5.5
213 146 -4.125
56 95 11.0
56 243 22.0
56 140 44.0
56 72 8.25
56 31 2.75
56 1 5.5
56 88 11.0
56 15 8.25
56 150 -77.0
56 180 -2.75
56 126 -5.5
56 185 -11.0
56 146 -8.25
95 243 44.0
95 140 88.0
95 72 16.5
95 31 5.5
95 1 11.0
95 88 22.0
95 15 16.5
95 150 -154.0
95 180 -5.5
95 126 -11.0
95 185 -22.0
95 146 -16.5
243 140 176.0
243 72 33.0
243 31 11.0
243 1 22.0
243 88 44.0
243 15 33.0
243 150 -308.0
243 180 -11.0
243 126 -22.0
243 185 -44.0
243 146 -33.0
140 72 66.0
140 31 22.0
140 1 44.0
140 88 88.0
140 15 66.0
140 150 -616.0
140 180 -22.0
140 126 -44.0
140 185 -88.0
140 146 -66.0
72 31 4.125
72 1 8.25
72 88 16.5
72 15 12.375
72 150 -115.5
72 180 -4.125
72 126 -8.25
72 185 -16.5
72 146 -12.375
176 8 2.75
176 181 5.5
176 26 4.125
176 48 1.375
176 27 2.75
176 200 5.5
176 73 4.125
176 58 -1.375
176 188 -2.75
176 110 -5.5
176 14 -4.125
8 181 11.0
8 26 8.25
8 48 2.75
8 27 5.5
8 200 11.0
8 73 8.25
8 58 -2.75
8 188 -5.5
8 110 -11.0
8 14 -8.25
181 26 16.5
181 48 5.5
181 27 11.0
181 200 22.0
181 73 16.5
181 58 -5.5
181 188 -11.0
181 110 -22.0
181 14 -16.5
26 48 4.125
26 27 8.25
26 200 16.5
26 73 12.375
26 58 -4.125
26 188 -8.25
26 110 -16.5
26 14 -12.375
101 42 2.75
101 40 5.5
101 128 4.125
101 43 -1.375
101 24 -2.75
101 133 -5.5
101 61 -4.125
101 142 1.375
101 106 2.75
101 68 5.5
101 16 4.125
42 40 11.0
42 128 8.25
42 43 -2.75
42 24 -5.5
42 133 -11.0
42 61 -8.25
42 142 2.75
42 106 5.5
42 68 11.0
42 16 8.25
40 128 16.5
40 43 -5.5
40 24 -11.0
40 133 -22.0
40 61 -16.5
40 142 5.5
40 106 11.0
40 68 22.0
40 16 16.5
128 43 -4.125
128 24 -8.25
128 133 -16.5
128 61 -12.375
128 142 4.125
128 106 8.25
128 68 16.5
128 16 12.375
29 141 2.75
29 33 5.5
29 177 4.125
29 21 -1.375
29 145 -2.75
29 77 -5.5
29 167 -4.125
29 75 1.375
29 246 2.75
29 190 5.5
29 118 4.125
141 33 11.0
141 177 8.25
141 21 -2.75
141 145 -5.5
141 77 -11.0
141 167 -8.25
141 75 2.75
141 246 5.5
141 190 11.0
141 118 8.25
33 177 16.5
33 21 -5.5
33 145 -11.0
33 77 -22.0
33 167 -16.5
33 75 5.5
33 246 11.0
33 190 22.0
33 118 16.5
177 21 -4.125
177 145 -8.25
177 77 -16.5
177 167 -12.375
177 75 4.125
177 246 8.25
177 190 16.5
177 118 12.375
74 247 2.75
74 25 5.5
74 178 4.125
74 45 -1.375
74 159 -2.75
74 192 -5.5
74 69 -4.125
74 203 1.375
74 172 2.75
74 233 5.5
74 125 4.125
247 25 11.0
247 178 8.25
247 45 -2.75
247 159 -5.5
247 192 -11.0
247 69 -8.25
247 203 2.75
247 172 5.5
247 233 11.0
247 125 8.25
25 178 16.5
25 45 -5.5
25 159 -11.0
25 192 -22.0
25 69 -16.5
25 203 5.5
25 172 11.0
25 233 22.0
25 125 16.5
178 45 -4.125
178 159 -8.25
178 192 -16.5
178 69 -12.375
178 203 4.125
178 172 8.25
178 233 16.5
178 125 12.375
229 155 2.75
229 179 5.5
229 85 4.125
229 202 -1.375
229 96 -2.75
229 166 -5.5
229 147 -4.125
229 152 1.375
229 223 2.75
229 57 5.5
229 60 4.125
155 179 11.0
155 85 8.25
155 202 -2.75
155 96 -5.5
155 166 -11.0
155 147 -8.25
155 152 2.75
155 223 5.5
155 57 11.0
155 60 8.25
179 85 16.5
179 202 -5.5
179 96 -11.0
179 166 -22.0
179 147 -16.5
179 152 5.5
179 223 11.0
179 57 22.0
179 60 16.5
85 202 -4.125
85 96 -8.25
85 166 -16.5
85 147 -12.375
85 152 4.125
85 223 8.25
85 57 16.5
85 60 12.375
162 97 2.75
162 226 5.5
162 36 4.125
162 224 -1.375
162 220 -2.75
162 18 -5.5
162 123 -4.125
162 249 1.375
162 215 2.75
162 208 5.5
162 120 4.125
97 226 11.0
97 36 8.25
97 224 -2.75
97 220 -5.5
97 18 -11.0
97 123 -8.25
97 249 2.75
97 215 5.5
97 208 11.0
97 120 8.25
226 36 16.5
226 224 -5.5
226 220 -11.0
226 18 -22.0
226 123 -16.5
226 249 5.5
226 215 11.0
226 208 22.0
226 120 16.5
36 224 -4.125
36 220 -8.25
36 18 -16.5
36 123 -12.375
36 249 4.125
36 215 8.25
36 208 16.5
36 120 12.375
160 22 2.75
160 79 5.5
160 248 4.125
160 265 -1.375
160 173 -2.75
160 124 -5.5
160 66 -4.125
160 180 1.375
160 126 2.75
160 185 5.5
160 146 4.125
22 79 11.0
22 248 8.25
22 265 -2.75
22 173 -5.5
22 124 -11.0
22 66 -8.25
22 180 2.75
22 126 5.5
22 185 11.0
22 146 8.25
79 248 16.5
79 265 -5.5
79 173 -11.0
79 124 -22.0
79 66 -16.5
79 180 5.5
79 126 11.0
79 185 22.0
79 146 16.5
248 265 -4.125
248 173 -8.25
248 124 -16.5
248 66 -12.375
248 180 4.125
248 126 8.25
248 185 16.5
248 146 12.375
59 13 2.75
59 82 5.5
59 3 4.125
59 236 -1.375
59 121 -2.75
59 129 -5.5
59 28 -4.125
59 259 1.375
59 32 2.75
59 84 5.5
59 244 4.125
13 82 11.0
13 3 8.25
13 236 -2.75
13 121 -5.5
13 129 -11.0
13 28 -8.25
13 259 2.75
13 32 5.5
13 84 11.0
13 244 8.25
82 3 16.5
82 236 -5.5
82 121 -11.0
82 129 -22.0
82 28 -16.5
82 259 5.5
82 32 11.0
82 84 22.0
82 244 16.5
3 236 -4.125
3 121 -8.25
3 129 -16.5
3 28 -12.375
3 259 4.125
3 32 8.25
3 84 16.5
3 244 12.375
134 204 2.75
134 49 5.5
134 63 4.125
134 116 -1.375
134 89 -2.75
134 241 -5.5
134 153 -4.125
134 199 1.375
134 65 2.75
134 108 5.5
134 93 4.125
204 49 11.0
204 63 8.25
204 116 -2.75
204 89 -5.5
204 241 -11.0
204 153 -8.25
204 199 2.75
204 65 5.5
204 108 11.0
204 93 8.25
49 63 16.5
49 116 -5.5
49 89 -11.0
49 241 -22.0
49 153 -16.5
49 199 5.5
49 65 11.0
49 108 22.0
49 93 16.5
63 116 -4.125
63 89 -8.25
63 241 -16.5
63 153 -12.375
63 199 4.125
63 65 8.25
63 108 16.5
63 93 12.375
267 168 2.75
267 132 5.5
267 115 4.125
267 31 -1.375
267 1 -2.75
267 88 -5.5
267 15 -4.125
267 139 1.375
267 219 2.75
267 119 5.5
267 198 4.125
168 132 11.0
168 115 8.25
168 31 -2.75
168 1 -5.5
168 88 -11.0
168 15 -8.25
168 139 2.75
168 219 5.5
168 119 11.0
168 198 8.25
132 115 16.5
132 31 -5.5
132 1 -11.0
132 88 -22.0
132 15 -16.5
132 139 5.5
132 219 11.0
132 119 22.0
132 198 16.5
115 31 -4.125
115 1 -8.25
115 88 -16.5
115 15 -12.375
115 139 4.125
115 219 8.25
115 119 16.5
115 198 12.375
48 27 2.75
48 200 5.5
48 73 4.125
48 58 -1.375
48 188 -2.75
48 110 -5.5
48 14 -4.125
27 200 11.0
27 73 8.25
27 58 -2.75
27 188 -5.5
27 110 -11.0
27 14 -8.25
200 73 16.5
200 58 -5.5
200 188 -11.0
200 110 -22.0
200 14 -16.5
73 58 -4.125
73 188 -8.25
73 110 -16.5
73 14 -12.375
58 188 5.5
58 110 11.0
58 14 8.25
58 142 -1.375
58 106 -2.75
58 68 -5.5
58 16 -4.125
188 110 22.0
188 14 16.5
188 142 -2.75
188 106 -5.5
188 68 -11.0
188 16 -8.25
110 14 33.0
110 142 -5.5
110 106 -11.0
110 68 -22.0
110 16 -16.5
14 142 -4.125
14 106 -8.25
14 68 -16.5
14 16 -12.375
43 24 13.75
43 133 27.5
43 61 20.625
43 45 -2.75
43 159 -5.5
43 192 -11.0
43 69 -8.25
43 142 -1.375
43 106 -2.75
43 68 -5.5
43 16 -4.125
43 35 38.5
43 216 -77.0
43 75 -1.375
43 246 -2.75
43 190 -5.5
43 118 -4.125
43 203 -1.375
43 172 -2.75
43 233 -5.5
43 125 -4.125
24 133 55.0
24 61 41.25
24 45 -5.5
24 159 -11.0
24 192 -22.0
24 69 -16.5
24 142 -2.75
24 106 -5.5
24 68 -11.0
24 16 -8.25
24 35 77.0
24 216 -154.0
24 75 -2.75
24 246 -5.5
24 190 -11.0
24 118 -8.25
24 203 -2.75
24 172 -5.5
24 233 -11.0
24 125 -8.25
133 61 82.5
133 45 -11.0
133 159 -22.0
133 192 -44.0
133 69 -33.0
133 142 -5.5
133 106 -11.0
133 68 -22.0
133 16 -16.5
133 35 154.0
133 216 -308.0
133 75 -5.5
133 246 -11.0
133 190 -22.0
133 118 -16.5
133 203 -5.5
133 172 -11.0
133 233 -22.0
133 125 -16.5
61 45 -8.25
61 159 -16.5
61 192 -33.0
61 69 -24.75
61 142 -4.125
61 106 -8.25
61 68 -16.5
61 16 -12.375
61 35 115.5
61 216 -231.0
61 75 -4.125
61 246 -8.25
61 190 -16.5
61 118 -12.375
61 203 -4.125
61 172 -8.25
61 233 -16.5
61 125 -12.375
21 145 11.0
21 77 22.0
21 167 16.5
21 47 -38.5
21 107 -38.5
21 75 -1.375
21 246 -2.75
21 190 -5.5
21 118 -4.125
21 37 -38.5
21 152 -1.375
21 223 -2.75
21 57 -5.5
21 60 -4.125
21 259 -1.375
21 32 -2.75
21 84 -5.5
21 244 -4.125
21 199 -1.375
21 65 -2.75
21 108 -5.5
21 93 -4.125
145 77 44.0
145 167 33.0
145 47 -77.0
145 107 -77.0
145 75 -2.75
145 246 -5.5
145 190 -11.0
145 118 -8.25
145 37 -77.0
145 152 -2.75
145 223 -5.5
145 57 -11.0
145 60 -8.25
145 259 -2.75
145 32 -5.5
145 84 -11.0
145 244 -8.25
145 199 -2.75
145 65 -5.5
145 108 -11.0
145 93 -8.25
77 167 66.0
77 47 -154.0
77 107 -154.0
77 75 -5.5
77 246 -11.0
77 190 -22.0
77 118 -16.5
77 37 -154.0
77 152 -5.5
77 223 -11.0
77 57 -22.0
77 60 -16.5
77 259 -5.5
77 32 -11.0
77 84 -22.0
77 244 -16.5
77 199 -5.5
77 65 -11.0
77 108 -22.0
77 93 -16.5
167 47 -115.5
167 107 -115.5
167 75 -4.125
167 246 -8.25
167 190 -16.5
167 118 -12.375
167 37 -115.5
167 152 -4.125
167 223 -8.25
167 57 -16.5
167 60 -12.375
167 259 -4.125
167 32 -8.25
167 84 -16.5
167 244 -12.375
167 199 -4.125
167 65 -8.25
167 108 -16.5
167 93 -12.375
45 159 13.75
45 192 27.5
45 69 20.625
45 142 -1.375
45 106 -2.75
45 68 -5.5
45 16 -4.125
45 35 -77.0
45 216 38.5
45 203 -1.375
45 172 -2.75
45 233 -5.5
45 125 -4.125
45 152 -1.375
45 223 -2.75
45 57 -5.5
45 60 -4.125
159 192 55.0
159 69 41.25
159 142 -2.75
159 106 -5.5
159 68 -11.0
159 16 -8.25
159 35 -154.0
159 216 77.0
159 203 -2.75
159 172 -5.5
159 233 -11.0
159 125 -8.25
159 152 -2.75
159 223 -5.5
159 57 -11.0
159 60 -8.25
192 69 82.5
192 142 -5.5
192 106 -11.0
192 68 -22.0
192 16 -16.5
192 35 -308.0
192 216 154.0
192 203 -5.5
192 172 -11.0
192 233 -22.0
192 125 -16.5
192 152 -5.5
192 223 -11.0
192 57 -22.0
192 60 -16.5
69 142 -4.125
69 106 -8.25
69 68 -16.5
69 16 -12.375
69 35 -231.0
69 216 115.5
69 203 -4.125
69 172 -8.25
69 233 -16.5
69 125 -12.375
69 152 -4.125
69 223 -8.25
69 57 -16.5
69 60 -12.375
202 96 11.0
202 166 22.0
202 147 16.5
202 83 -38.5
202 169 -38.5
202 75 -1.375
202 246 -2.75
202 190 -5.5
202 118 -4.125
202 261 -38.5
202 152 -1.375
202 223 -2.75
202 57 -5.5
202 60 -4.125
202 259 -1.375
202 32 -2.75
202 84 -5.5
202 244 -4.125
202 199 -1.375
202 65 -2.75
202 108 -5.5
202 93 -4.125
96 166 44.0
96 147 33.0
96 83 -77.0
96 169 -77.0
96 75 -2.75
96 246 -5.5
96 190 -11.0
96 118 -8.25
96 261 -77.0
96 152 -2.75
96 223 -5.5
96 57 -11.0
96 60 -8.25
96 259 -2.75
96 32 -5.5
96 84 -11.0
96 244 -8.25
96 199 -2.75
96 65 -5.5
96 108 -11.0
96 93 -8.25
166 147 66.0
166 83 -154.0
166 169 -154.0
166 75 -5.5
166 246 -11.0
166 190 -22.0
166 118 -16.5
166 261 -154.0
166 152 -5.5
166 223 -11.0
166 57 -22.0
166 60 -16.5
166 259 -5.5
166 32 -11.0
166 84 -22.0
166 244 -16.5
166 199 -5.5
166 65 -11.0
166 108 -22.0
166 93 -16.5
147 83 -115.5
147 169 -115.5
147 75 -4.125
147 246 -8.25
147 190 -16.5
147 118 -12.375
147 261 -115.5
147 152 -4.125
147 223 -8.25
147 57 -16.5
147 60 -12.375
147 259 -4.125
147 32 -8.25
147 84 -16.5
147 244 -12.375
147 199 -4.125
147 65 -8.25
147 108 -16.5
147 93 -12.375
224 220 5.5
224 18 11.0
224 123 8.25
224 249 -1.375
224 215 -2.75
224 208 -5.5
224 120 -4.125
224 180 -1.375
224 126 -2.75
224 185 -5.5
224 146 -4.125
220 18 22.0
220 123 16.5
220 249 -2.75
220 215 -5.5
220 208 -11.0
220 120 -8.25
220 180 -2.75
220 126 -5.5
220 185 -11.0
220 146 -8.25
18 123 33.0
18 249 -5.5
18 215 -11.0
18 208 -22.0
18 120 -16.5
18 180 -5.5
18 126 -11.0
18 185 -22.0
18 146 -16.5
123 249 -4.125
123 215 -8.25
123 208 -16.5
123 120 -12.375
123 180 -4.125
123 126 -8.25
123 185 -16.5
123 146 -12.375
265 173 8.25
265 124 16.5
265 66 12.375
265 5 -38.5
265 180 -1.375
265 126 -2.75
265 185 -5.5
265 146 -4.125
265 259 -1.375
265 32 -2.75
265 84 -5.5
265 244 -4.125
265 139 -1.375
265 219 -2.75
265 119 -5.5
265 198 -4.125
173 124 33.0
173 66 24.75
173 5 -77.0
173 180 -2.75
173 126 -5.5
173 185 -11.0
173 146 -8.25
173 259 -2.75
173 32 -5.5
173 84 -11.0
173 244 -8.25
173 139 -2.75
173 219 -5.5
173 119 -11.0
173 198 -8.25
124 66 49.5
124 5 -154.0
124 180 -5.5
124 126 -11.0
124 185 -22.0
124 146 -16.5
124 259 -5.5
124 32 -11.0
124 84 -22.0
124 244 -16.5
124 139 -5.5
124 219 -11.0
124 119 -22.0
124 198 -16.5
66 5 -115.5
66 180 -4.125
66 126 -8.25
66 185 -16.5
66 146 -12.375
66 259 -4.125
66 32 -8.25
66 84 -16.5
66 244 -12.375
66 139 -4.125
66 219 -8.25
66 119 -16.5
66 198 -12.375
236 121 11.0
236 129 22.0
236 28 16.5
236 254 -38.5
236 137 -38.5
236 75 -1.375
236 246 -2.75
236 190 -5.5
236 118 -4.125
236 201 -38.5
236 152 -1.375
236 223 -2.75
236 57 -5.5
236 60 -4.125
236 259 -1.375
236 32 -2.75
236 84 -5.5
236 244 -4.125
236 199 -1.375
236 65 -2.75
236 108 -5.5
236 93 -4.125
121 129 44.0
121 28 33.0
121 254 -77.0
121 137 -77.0
121 75 -2.75
121 246 -5.5
121 190 -11.0
121 118 -8.25
121 201 -77.0
121 152 -2.75
121 223 -5.5
121 57 -11.0
121 60 -8.25
121 259 -2.75
121 32 -5.5
121 84 -11.0
121 244 -8.25
121 199 -2.75
121 65 -5.5
121 108 -11.0
121 93 -8.25
129 28 66.0
129 254 -154.0
129 137 -154.0
129 75 -5.5
129 246 -11.0
129 190 -22.0
129 118 -16.5
129 201 -154.0
129 152 -5.5
129 223 -11.0
129 57 -22.0
129 60 -16.5
129 259 -5.5
129 32 -11.0
129 84 -22.0
129 244 -16.5
129 199 -5.5
129 65 -11.0
129 108 -22.0
129 93 -16.5
28 254 -115.5
28 137 -115.5
28 75 -4.125
28 246 -8.25
28 190 -16.5
28 118 -12.375
28 201 -115.5
28 152 -4.125
28 223 -8.25
28 57 -16.5
28 60 -12.375
28 259 -4.125
28 32 -8.25
28 84 -16.5
28 244 -12.375
28 199 -4.125
28 65 -8.25
28 108 -16.5
28 93 -12.375
116 89 13.75
116 241 27.5
116 153 20.625
116 114 -38.5
116 46 -38.5
116 75 -1.375
116 246 -2.75
116 190 -5.5
116 118 -4.125
116 260 -38.5
116 152 -1.375
116 223 -2.75
116 57 -5.5
116 60 -4.125
116 259 -1.375
116 32 -2.75
116 84 -5.5
116 244 -4.125
116 199 -1.375
116 65 -2.75
116 108 -5.5
116 93 -4.125
116 139 -1.375
116 219 -2.75
116 119 -5.5
116 198 -4.125
89 241 55.0
89 153 41.25
89 114 -77.0
89 46 -77.0
89 75 -2.75
89 246 -5.5
89 190 -11.0
89 118 -8.25
89 260 -77.0
89 152 -2.75
89 223 -5.5
89 57 -11.0
89 60 -8.25
89 259 -2.75
89 32 -5.5
89 84 -11.0
89 244 -8.25
89 199 -2.75
89 65 -5.5
89 108 -11.0
89 93 -8.25
89 139 -2.75
89 219 -5.5
89 119 -11.0
89 198 -8.25
241 153 82.5
241 114 -154.0
241 46 -154.0
241 75 -5.5
241 246 -11.0
241 190 -22.0
241 118 -16.5
241 260 -154.0
241 152 -5.5
241 223 -11.0
241 57 -22.0
241 60 -16.5
241 259 -5.5
241 32 -11.0
241 84 -22.0
241 244 -16.5
241 199 -5.5
241 65 -11.0
241 108 -22.0
241 93 -16.5
241 139 -5.5
241 219 -11.0
241 119 -22.0
241 198 -16.5
153 114 -115.5
153 46 -115.5
153 75 -4.125
153 246 -8.25
153 190 -16.5
153 118 -12.375
153 260 -115.5
153 152 -4.125
153 223 -8.25
153 57 -16.5
153 60 -12.375
153 259 -4.125
153 32 -8.25
153 84 -16.5
153 244 -12.375
153 199 -4.125
153 65 -8.25
153 108 -16.5
153 93 -12.375
153 139 -4.125
153 219 -8.25
153 119 -16.5
153 198 -12.375
31 1 5.5
31 88 11.0
31 15 8.25
31 150 -38.5
31 180 -1.375
31 126 -2.75
31 185 -5.5
31 146 -4.125
31 139 -1.375
31 219 -2.75
31 119 -5.5
31 198 -4.125
1 88 22.0
1 15 16.5
1 150 -77.0
1 180 -2.75
1 126 -5.5
1 185 -11.0
1 146 -8.25
1 139 -2.75
1 219 -5.5
1 119 -11.0
1 198 -8.25
88 15 33.0
88 150 -154.0
88 180 -5.5
88 126 -11.0
88 185 -22.0
88 146 -16.5
88 139 -5.5
88 219 -11.0
88 119 -22.0
88 198 -16.5
15 150 -115.5
15 180 -4.125
15 126 -8.25
15 185 -16.5
15 146 -12.375
15 139 -4.125
15 219 -8.25
15 119 -16.5
15 198 -12.375
142 106 8.25
142 68 16.5
142 16 12.375
142 35 38.5
106 68 33.0
106 16 24.75
106 35 77.0
68 16 49.5
68 35 154.0
16 35 115.5
35 216 1.375
35 83 -1.375
216 47 -1.375
216 203 38.5
216 172 77.0
216 233 154.0
216 125 115.5
83 47 1.375
83 75 38.5
83 246 77.0
83 190 154.0
83 118 115.5
254 107 1.375
254 75 38.5
254 246 77.0
254 190 154.0
254 118 115.5
114 75 38.5
114 246 77.0
114 190 154.0
114 118 115.5
114 37 1.375
47 152 38.5
47 223 77.0
47 57 154.0
47 60 115.5
137 169 1.375
137 152 38.5
137 223 77.0
137 57 154.0
137 60 115.5
46 261 1.375
46 152 38.5
46 223 77.0
46 57 154.0
46 60 115.5
107 259 38.5
107 32 77.0
107 84 154.0
107 244 115.5
169 259 38.5
169 32 77.0
169 84 154.0
169 244 115.5
75 246 13.75
75 190 27.5
75 118 20.625
246 190 55.0
246 118 41.25
190 118 82.5
260 201 1.375
260 259 38.5
260 32 77.0
260 84 154.0
260 244 115.5
37 199 38.5
37 65 77.0
37 108 154.0
37 93 115.5
261 199 38.5
261 65 77.0
261 108 154.0
261 93 115.5
201 199 38.5
201 65 77.0
201 108 154.0
201 93 115.5
150 5 1.375
150 180 38.5
150 126 77.0
150 185 154.0
150 146 115.5
5 139 38.5
5 219 77.0
5 119 154.0
5 198 115.5
203 172 5.5
203 233 11.0
203 125 8.25
172 233 22.0
172 125 16.5
233 125 33.0
152 223 13.75
152 57 27.5
152 60 20.625
223 57 55.0
223 60 41.25
57 60 82.5
249 215 2.75
249 208 5.5
249 120 4.125
215 208 11.0
215 120 8.25
208 120 16.5
180 126 8.25
180 185 16.5
180 146 12.375
126 185 33.0
126 146 24.75
185 146 49.5
259 32 13.75
259 84 27.5
259 244 20.625
32 84 55.0
32 244 41.25
84 244 82.5
199 65 11.0
199 108 22.0
199 93 16.5
65 108 44.0
65 93 33.0
108 93 66.0
139 219 8.25
139 119 16.5
139 198 12.375
219 119 33.0
219 198 24.75
119 198 49.5
