# offset: 170.5 
1 1 -5.0
2 2 2.5
3 3 2.5
4 4 0
5 5 2.5
6 6 -7.5
7 7 10.0
8 8 5.0
9 9 2.5
10 10 10.0
11 11 2.5
12 12 0
13 13 -2.0
14 14 2.5
15 15 -25.0
16 16 -50.0
17 17 5.0
18 18 8.0
19 19 10.0
20 20 2.5
21 21 20.0
9 1 -2.5
9 4 2.5
11 12 -2.5
11 8 2.5
7 21 5.0
7 6 -2.5
7 18 2.5
7 16 -12.5
21 6 -5.0
21 18 5.0
21 16 -25.0
17 19 5.0
17 10 5.0
17 1 -2.5
17 8 2.5
17 15 -12.5
19 10 10.0
19 1 -5.0
19 8 5.0
19 15 -25.0
10 1 -5.0
10 8 5.0
10 15 -25.0
5 14 2.5
5 4 -2.5
2 1 2.5
2 18 -2.5
3 6 2.5
3 8 -2.5
20 12 2.5
20 13 -2.5
14 4 -2.5
1 4 -2.5
1 18 -2.5
1 8 -2.5
1 15 12.5
6 18 -2.5
6 8 -2.5
6 16 12.5
12 8 -2.5
12 13 -2.5
18 16 -12.5
8 15 -12.5
15 16 2.5
