# offset: 82.0 
1 1 5.0 
2 2 5.0 
3 3 35.0 
4 4 80.0 
5 5 15.0 
6 6 40.0 
7 7 40.0 
8 8 5.0 
9 9 5.0 
10 10 5.0 
11 11 5.0 
12 12 5.0 
13 13 5.0 
14 14 -20.0 
15 15 10.0 
16 16 10.0 
17 17 41.0 
18 18 25.0 
19 19 6.0 
20 20 70.0 
21 21 -30.0 
1 13 -10.0 
1 16 10.0 
2 15 -10.0 
2 18 10.0 
3 4 20.0 
3 14 -10.0 
3 17 10.0 
3 21 -50.0 
4 14 -20.0 
4 17 20.0 
4 21 -100.0 
5 6 20.0 
5 7 20.0 
5 13 -10.0 
5 18 10.0 
5 20 -50.0 
6 7 40.0 
6 13 -20.0 
6 18 20.0 
6 20 -100.0 
7 13 -20.0 
7 18 20.0 
7 20 -100.0 
8 12 10.0 
8 16 -10.0 
9 13 10.0 
9 17 -10.0 
10 14 10.0 
10 18 -10.0 
11 15 10.0 
11 19 -10.0 
12 16 -10.0 
13 16 -10.0 
13 17 -10.0 
13 18 -10.0 
13 20 50.0 
14 17 -10.0 
14 18 -10.0 
14 21 50.0 
15 18 -10.0 
15 19 -10.0 
17 21 -50.0 
18 20 -50.0 
20 21 10.0 
