  (0, 0)	2.75
  (0, 12)	-5.5
  (0, 15)	5.5
  (1, 1)	2.75
  (1, 14)	-5.5
  (1, 17)	5.5
  (2, 2)	19.25
  (2, 3)	11.0
  (2, 13)	-5.5
  (2, 16)	5.5
  (2, 20)	-27.5
  (3, 3)	44.0
  (3, 13)	-11.0
  (3, 16)	11.0
  (3, 20)	-55.0
  (4, 4)	8.25
  (4, 5)	11.0
  (4, 6)	11.0
  (4, 12)	-5.5
  (4, 17)	5.5
  (4, 19)	-27.5
  (5, 5)	22.0
  (5, 6)	22.0
  (5, 12)	-11.0
  (5, 17)	11.0
  :	:
  (10, 14)	5.5
  (10, 18)	-5.5
  (11, 11)	2.75
  (11, 15)	-5.5
  (12, 12)	2.75
  (12, 15)	-5.5
  (12, 16)	-5.5
  (12, 17)	-5.5
  (12, 19)	27.5
  (13, 13)	-11.0
  (13, 16)	-5.5
  (13, 17)	-5.5
  (13, 20)	27.5
  (14, 14)	5.5
  (14, 17)	-5.5
  (14, 18)	-5.5
  (15, 15)	5.5
  (16, 16)	23.0
  (16, 20)	-27.5
  (17, 17)	13.75
  (17, 19)	-27.5
  (18, 18)	3.75
  (19, 19)	38.5
  (19, 20)	5.5
  (20, 20)	-16.5